121752
43010
368413
567637
12638
41216
568544
119988
200906
841857
126528
150837
724942
250784
132239
212976
110200
265608
114570
268799
250624
55890
119504
28380
61692
28350
193914
184759
14832
32504
286847
82622
142807
75036
29568
707230
39396
154200
599940
91800
392446
290563
145500
333963
502670
86328
845598
110952
90346
137799
12348
103362
7128
265320
4470
425140
2223
120576
365738
103934
38808
122550
1550
204057
525140
41613
203628
292466
187113
101331
401301
169128
334932
465775
68068
112104
95849
769850
170344
93611
180292
170646
213891
301016
343000
88750
399303
76038
27342
230505
376263
379197
12493
250458
609288
431200
58843
330033
338400
73790
214650
159831
103986
187616
622998
349605
105040
416092
896709
194446
690696
91740
444080
479700
213882
45182
194700
259896
456190
24764
233750
546912
3740
65286
277380
325208
807945
490496
27501
466493
327750
53550
31820
369950
282302
99189
686562
310590
361682
178652
410027
78684
23340
432058
787455
347076
64560
276360
847168
100296
9240
638946
391632
265146
340197
64449
44346
350054
317718
191622
143498
349692
117603
67584
337440
286200
19980
736920
503808
626804
609650
219880
73832
227656
412848
2510
271982
255642
646016
340371
220815
432600
625128
41366
508482
268956
18630
34500
177276
10105
188244
114597
61070
152975
691676
56206
509978
66057
95378
437690
347072
324147
45888
236973
439520
705608
46132
24675
535090
733153
502857
589407
211990
97856
637793
500797
3458
28798
473130
215340
552520
12948
48440
57710
11951
30972
550200
115920
382165
817582
111220
466856
135038
483784
36937
2430
50876
444132
565150
222396
389580
55176
274120
233748
87178
837200
78926
89148
138703
927072
444136
45816
317745
18876
43848
7194
269446
343321
68406
650888
75469
324900
224757
245944
141232
678210
71700
370548
61740
202920
90131
122778
5680
412296
352603
326056
71407
397196
41128
170163
583968
201656
283521
314013
168144
195072
55593
108832
160864
132682
218086
702150
402135
435230
132600
420534
530978
187464
39720
35052
23292
112548
447752
292680
13692
639624
493812
683280
12684
692770
237712
545382
157963
2610
393056
376420
599165
485325
20860
283528
38415
658141
630301
108360
751640
99261
658260
372372
50301
62372
240750
596550
6132
20592
239637
103040
103739
493950
161102
152388
359090
37840
317772
29876
144060
416120
9657
5540
281817
56481
477900
9680
1224
624897
110608
183425
106395
251514
59920
444139
76405
822016
62124
283578
438507
23374
747178
404670
786954
14544
1920
431537
150480
138380
90640
67158
353175
523939
136747
365790
210166
289238
182608
538692
143785
362792
415360
77463
76705
57720
264028
602875
49725
9159
73776
13542
134230
49880
513856
16902
170799
163009
141401
556800
7200
73080
492115
154059
133668
528660
182004
381250
217092
305757
56118
15164
530453
97970
458003
33592
165312
51224
91676
67230
78792
151844
54321
254718
87042
756756
719318
233302
19558
79998
304029
57761
225646
310527
277262
181832
300000
62499
3780
115412
45773
673484
648435
544621
26752
61915
588276
87750
99225
318620
462160
269610
506345
86708
60698
51357
90909
572
59724
158886
77648
603420
655424
114632
141010
44019
383084
450870
203681
124656
9740
240500
57130
48403
538608
53360
306915
146137
462354
117450
361296
230061
236544
138550
886416
149240
60516
124928
210824
627200
362858
852551
432300
415103
459620
631800
95900
79560
64260
266570
2310
27030
167272
149435
152568
564405
504602
63616
645330
43890
123921
181260
295792
32445
37430
448335
437424
17353
972196
594594
123480
56908
268956
223608
150645
5412
105678
242172
297702
358206
33201
313896
719200
207318
290976
142500
158704
661710
39952
605640
836533
129336
784550
489622
44955
33813
65808
321933
179883
326683
544260
167170
725810
180736
652096
3864
27224
35100
51484
17205
126224
400775
40424
306016
188160
610368
65160
426188
610815
410228
259424
82432
113487
648026
158472
403002
1352
77979
107250
106496
344310
729996
710918
578528
699002
163114
337485
354798
222268
484188
405188
65250
680680
344932
805200
651504
306035
638300
23055
50959
157001
58903
232470
291275
75372
218400
82705
184100
141930
187741
586720
364311
3925
176545
292950
501657
219915
262218
641142
270584
544357
270274
20064
172256
341690
509340
92742
104706
777524
260160
318836
31878
23256
141610
40000
405594
248110
355618
63000
27552
50386
550844
402292
93832
6032
205571
2935
554346
270970
793904
114480
54352
228232
8319
168000
90061
440622
84105
377330
268185
454834
864324
48505
359463
635050
40392
178540
276607
4541
708540
312664
152955
157120
303075
336
179892
473130
300820
33600
291146
248056
119574
122400
78204
699370
490482
216900
271104
401897
87048
398713
205755
159300
38478
298984
652561
10842
